# Time-averaged data for fix myat2
# TimeStep v_press_x
10100 4.1423
10200 -157.255
10300 -351.125
10400 -480.722
10500 -707.304
10600 -846.415
10700 -1008.85
10800 -1156.84
10900 -1260.03
11000 -1512.42
11100 -1616.45
11200 -1821.56
11300 -1835.23
11400 -2105.73
11500 -2263.09
11600 -2410.42
11700 -2693.12
11800 -2851.25
11900 -2944.54
12000 -3092.07
12100 -3286.2
12200 -3540.81
12300 -3586.92
12400 -3767.41
12500 -3904.46
12600 -4201.81
12700 -4288.73
12800 -4460.99
12900 -4682.07
13000 -4804.68
13100 -4988.95
13200 -5271.81
13300 -5311.7
13400 -5651.99
13500 -5666.14
13600 -5797.14
13700 -6085.23
13800 -6153.32
13900 -6312.18
14000 -6606.53
14100 -6714.7
14200 -6844.39
14300 -7034.35
14400 -7245.03
14500 -7544.32
14600 -7526.9
14700 -7867.62
14800 -7928.55
14900 -8122.02
15000 -8378.47
15100 -8479.54
15200 -8711.2
15300 -8896.14
15400 -9181.45
15500 -9327.33
15600 -9479.53
15700 -9547.53
15800 -9821.94
15900 -9978.55
16000 -10217.4
16100 -10223.6
16200 -10496.1
16300 -10663
16400 -10864.6
16500 -11058.4
16600 -11274.2
16700 -11536.8
16800 -11711.2
16900 -11922.9
17000 -12051.9
17100 -12249.2
17200 -12635.8
17300 -12599
17400 -12877
17500 -13008.8
17600 -13121.1
17700 -13362.3
17800 -13597.3
17900 -13825.8
18000 -13980.7
18100 -14137
18200 -14412.9
18300 -14586.5
18400 -14844.2
18500 -14946.8
18600 -15188.5
18700 -15283.4
18800 -15470.1
18900 -15758
19000 -15807.5
19100 -16032.5
19200 -16281.1
19300 -16425.1
19400 -16662.7
19500 -16797.6
19600 -17070.4
19700 -17224.1
19800 -17336.6
19900 -17537.6
20000 -17879.4
20100 -18071.2
20200 -18116.4
20300 -18389.3
20400 -18556.1
20500 -18763.8
20600 -18899.4
20700 -19163.6
20800 -19370.6
20900 -19463.9
21000 -19657.5
21100 -20003.5
21200 -20185.3
21300 -20296.2
21400 -20520.3
21500 -20765.4
21600 -20996
21700 -21277.3
21800 -21381.6
21900 -21458.5
22000 -21861.7
22100 -22063.9
22200 -22257.9
22300 -22313.3
22400 -22484.4
22500 -22754.7
22600 -22935.5
22700 -23092.9
22800 -23276.1
22900 -23559.2
23000 -23670.5
23100 -23923
23200 -24038.3
23300 -24310.1
23400 -24416.3
23500 -24638
23600 -24776.3
23700 -25121.7
23800 -25299.8
23900 -25485.9
24000 -25561.6
24100 -25764.8
24200 -26020.3
24300 -26215.9
24400 -26497.7
24500 -26524.9
24600 -26772.2
24700 -27005.3
24800 -27268.4
24900 -27351.4
25000 -27582.1
25100 -27725.7
25200 -27870.8
25300 -28084.1
25400 -28433
25500 -28489.4
25600 -28714.6
25700 -28954.8
25800 -29185.2
25900 -29263
26000 -29550.4
26100 -29770.1
26200 -30051.8
26300 -30099.2
26400 -30276.8
26500 -30529.6
26600 -30704
26700 -30977.3
26800 -31123.1
26900 -31269.5
27000 -31559.3
27100 -31654.5
27200 -31810
27300 -32199.5
27400 -32428.6
27500 -32507.2
27600 -32591.1
27700 -32925.3
27800 -33046.3
27900 -33322.2
28000 -33459.3
28100 -33630.9
28200 -33795
28300 -34093.8
28400 -34176
28500 -34408.2
28600 -34514.7
28700 -34871.8
28800 -35163.3
28900 -35180.9
29000 -35451.4
29100 -35545.4
29200 -35699.1
29300 -36044.2
29400 -36038.3
29500 -36506.8
29600 -36707.9
29700 -36802.2
29800 -36825.1
29900 -37182.4
30000 -37525.8
30100 -37443
30200 -37617.2
30300 -38010.4
30400 -38140
30500 -38337.5
30600 -38510.1
30700 -38589.7
30800 -38915.5
30900 -38973.9
31000 -39147.5
31100 -39316
31200 -39671.1
31300 -39683.3
31400 -39890.9
31500 -40186.5
31600 -40451.6
31700 -40515.2
31800 -40683.4
31900 -40761.7
32000 -41049.1
32100 -41232.9
32200 -41345.3
32300 -41655.6
32400 -41911.8
32500 -41889.5
32600 -41930.9
32700 -42405.8
32800 -42575.8
32900 -42855
33000 -42647
33100 -43086.3
33200 -43438.7
33300 -43402.8
33400 -43611.4
33500 -43804.9
33600 -44076.9
33700 -44288.2
33800 -44312.3
33900 -44611.3
34000 -44781.3
34100 -44923.7
34200 -45216.5
34300 -45524.6
34400 -45348.1
34500 -45641.6
34600 -45760.1
34700 -46074.1
34800 -46072.8
34900 -46211.3
35000 -46526.8
35100 -46706.9
35200 -46864.1
35300 -47091.6
35400 -47210.6
35500 -47358.1
35600 -47461.4
35700 -47859.9
35800 -48006.8
35900 -47937.7
36000 -48200.3
36100 -48461.3
36200 -48695.9
36300 -48651.1
36400 -48811.4
36500 -49093.6
36600 -49224.5
36700 -49313.5
36800 -49578.2
36900 -49703.4
37000 -49954.7
37100 -49942
37200 -50170.2
37300 -50352.3
37400 -50827.5
37500 -50639.5
37600 -50788.3
37700 -51071.3
37800 -51057.6
37900 -51566
38000 -51619.7
38100 -51771.1
38200 -52056.7
38300 -52078.5
38400 -52190.9
38500 -52375.9
38600 -52787.3
38700 -52848.3
38800 -53082
38900 -53117.5
39000 -53287
39100 -53325
39200 -53690.7
39300 -53802.4
39400 -53812.8
39500 -53793.1
39600 -54094.5
39700 -54255.6
39800 -54676
39900 -54702.4
40000 -54478.8
40100 -54906.9
40200 -55112.4
40300 -55171.9
40400 -55388.1
40500 -55644.5
40600 -55715.3
40700 -55713.9
40800 -55964.7
40900 -56349.9
41000 -56095.6
41100 -56236
41200 -56378.3
41300 -56906.2
41400 -56884.1
41500 -57136.5
41600 -57116.8
41700 -57402.1
41800 -57763.7
41900 -57649.9
42000 -57696.4
42100 -58030.8
42200 -58135.6
42300 -58290.8
42400 -58266.1
42500 -58488.5
42600 -58475.2
42700 -58715.8
42800 -58893.1
42900 -59100
43000 -59083.8
43100 -59380.2
43200 -59407.9
43300 -59550.1
43400 -59760.5
43500 -59929.3
43600 -60060.6
43700 -60296.2
43800 -60157.6
43900 -60547.8
44000 -60569.3
44100 -60650.7
44200 -60833.1
44300 -60780.7
44400 -61028.4
44500 -61068.8
44600 -61242
44700 -61366.3
44800 -61497.9
44900 -61656.4
45000 -61596.8
45100 -62024.8
45200 -62126.1
45300 -62139.2
45400 -62254.9
45500 -62490.3
45600 -62623.4
45700 -62593.9
45800 -62764.4
45900 -62918.6
46000 -63020.6
46100 -63358.4
46200 -63394.9
46300 -63684.5
46400 -63485.2
46500 -63491.6
46600 -64213.7
46700 -63890.4
46800 -63994.8
46900 -63984.8
47000 -64175.3
47100 -64185
47200 -64547.8
47300 -64573.1
47400 -64857.4
47500 -64945.5
47600 -65068.4
47700 -65186.9
47800 -65419.8
47900 -65242.5
48000 -65433.7
48100 -65667.8
48200 -65847.1
48300 -65808.7
48400 -66086.9
48500 -66029.7
48600 -66012.1
48700 -66261.9
48800 -66321.8
48900 -66219.8
49000 -66465.9
49100 -66646.5
49200 -66882.1
49300 -66798.2
49400 -67124
49500 -67076.5
49600 -67271.5
49700 -67370
49800 -67699.5
49900 -67555.2
50000 -67460.9
50100 -67650.4
50200 -67729.8
50300 -67753.1
50400 -68043.6
50500 -68184.8
50600 -68067.5
50700 -68369.6
50800 -68373.6
50900 -68489
51000 -68832.8
51100 -68748.5
51200 -68896.5
51300 -69128
51400 -69241.6
51500 -69233.3
51600 -69372.8
51700 -69205.4
51800 -69246.9
51900 -69463.6
52000 -69699.3
52100 -69817.6
52200 -69910.4
52300 -69616.2
52400 -69839
52500 -69576.1
52600 -69556.7
52700 -69531.5
52800 -69744
52900 -69855.1
53000 -69228.4
53100 -69323.8
53200 -69802.7
53300 -69402.8
53400 -69390
53500 -69360.4
53600 -69475.4
53700 -69509.7
53800 -68855.4
53900 -68907.9
54000 -68410.4
54100 -67406.6
54200 -66873.9
54300 -65903.7
54400 -64687.6
54500 -63197
54600 -60854.9
54700 -58458.6
54800 -55311.4
54900 -52005.6
55000 -49822.7
55100 -48495.9
55200 -47595.1
55300 -46606.7
55400 -46119.8
55500 -44637.6
55600 -42833.3
55700 -40352.9
55800 -38055.2
55900 -36047.6
56000 -35075.9
56100 -35362.3
56200 -34611.4
56300 -33515.1
56400 -33235.7
56500 -33327.2
56600 -33586.1
56700 -33773
56800 -33924.6
56900 -33321
57000 -32842.8
57100 -32744.1
57200 -32638.6
57300 -32317
57400 -32286.1
57500 -32353.3
57600 -32953.6
57700 -33216.1
57800 -33017.6
57900 -33085.5
58000 -32788.4
58100 -32826.9
58200 -33107.6
58300 -33338.5
58400 -33277.4
58500 -32686.6
58600 -31315.8
58700 -30484.2
58800 -30386.6
58900 -30404.5
59000 -30433.3
59100 -30339.5
59200 -29647.2
59300 -28749.8
59400 -28319.4
59500 -28079.7
59600 -27549.5
59700 -27552.2
59800 -27659.6
59900 -27881
60000 -27570.4
60100 -27319.4
60200 -26596.3
60300 -25626.2
60400 -24861.8
60500 -23873
60600 -23083.5
60700 -22000.1
60800 -20764.8
60900 -19818.5
61000 -18843.4
61100 -17687
61200 -16944.2
61300 -16177.1
61400 -14593.8
61500 -13733.5
61600 -13193.1
61700 -12124.2
61800 -10262.7
61900 -8907.68
62000 -8322.51
62100 -7526.89
62200 -6236.97
62300 -5854.64
62400 -4976.3
62500 -3726.53
62600 -2785.73
62700 -2600.89
62800 -3046.65
62900 -3177.8
63000 -3944.87
63100 -4732.07
63200 -4522.72
63300 -4417.57
63400 -3765.07
63500 -3294.1
63600 -3295.07
63700 -3642.35
63800 -3337.38
63900 -3004.57
64000 -2395.56
64100 -1881.27
64200 -1705.59
64300 -743.77
64400 -679.602
64500 -720.6
64600 -674.985
64700 -233.939
64800 -563.212
64900 -890.455
65000 -1084.24
65100 -1213.63
65200 -1136.3
65300 -931.499
65400 -625.4
65500 -517.451
65600 -793.872
65700 -1057.98
65800 -1028.31
65900 -133.715
66000 -208.876
66100 -796.723
66200 -885.956
66300 -1693.61
66400 -2703.89
66500 -2917.54
66600 -3317.74
66700 -3602.65
66800 -3822.2
66900 -3583.94
67000 -2857.23
67100 -2015.98
67200 -1560.92
67300 -1441.58
67400 -1222.4
67500 -1322.58
67600 -993.603
67700 -611.64
67800 230.533
67900 1098.07
68000 1374.46
68100 1700.31
68200 2399.28
68300 2982.88
68400 2890.23
68500 3027.47
68600 3067.96
68700 3323.87
68800 3831.67
68900 4870
69000 6459.4
69100 6907.84
69200 6632.95
69300 6650.68
69400 7478.27
69500 7728.8
69600 7905.48
69700 7633.99
69800 7085.25
69900 7215.81
70000 7231.29
70100 7287.8
70200 7528.46
70300 7051.21
70400 6859.36
70500 6668.02
70600 6727.77
70700 6525.33
70800 5898.57
70900 5393.59
71000 4902.98
71100 4646.88
71200 4930.23
71300 5407.13
71400 5268.79
71500 5288.92
71600 4790.57
71700 4363.7
71800 4239.08
71900 4032.61
72000 3556.38
72100 3504.14
72200 3400.61
72300 2914.23
72400 2947.9
72500 3512.58
72600 3731.12
72700 3238.38
72800 2737.3
72900 2113.04
73000 2077.61
73100 2359
73200 2560.24
73300 2394.75
73400 2343.25
73500 2052.26
73600 1538.14
73700 1251.02
73800 1379.78
73900 947.068
74000 722.663
74100 639.002
74200 547.198
74300 627.164
74400 316.288
74500 -281.148
74600 -407.986
74700 -173.119
74800 -363.896
74900 -797.312
75000 -926.925
75100 -774.556
75200 -1087.41
75300 -1439.95
75400 -1359.65
75500 -1697.99
75600 -1907.99
75700 -1575.25
75800 -1930.36
75900 -1785.51
76000 -2109.81
76100 -2398.03
76200 -2393.7
76300 -2519.89
76400 -2861.74
76500 -3201.6
76600 -3087.33
76700 -3399.41
76800 -3344.74
76900 -3436.24
77000 -3359.58
77100 -3599.92
77200 -3894.76
77300 -3602.45
77400 -3611.47
77500 -3279.91
77600 -3260.88
77700 -3276.12
77800 -3519.24
77900 -3606.57
78000 -4218.34
78100 -4325.02
78200 -4001.34
78300 -3832.56
78400 -4213.24
78500 -3900.2
78600 -3999.98
78700 -4489.28
78800 -4970.4
78900 -5279.63
79000 -5525.36
79100 -5486.66
79200 -5844.15
79300 -6113.13
79400 -6176.39
79500 -6633.21
79600 -6659.6
79700 -6570.84
79800 -6455.82
79900 -6742.21
80000 -7182.92
80100 -7711.17
80200 -7615.43
80300 -7856.91
80400 -7698.6
80500 -8042.93
80600 -8176.58
80700 -8185.3
80800 -8368.82
80900 -8486.35
81000 -8815.85
81100 -9090.7
81200 -9024.7
81300 -9300.48
81400 -9979.52
81500 -10506.5
81600 -10327.1
81700 -10344.2
81800 -10257.2
81900 -10589.1
82000 -10682.7
82100 -10753.1
82200 -10776.1
82300 -11424
82400 -11517.6
82500 -11937.5
82600 -11955.8
82700 -12215.9
82800 -12337.8
82900 -12626.9
83000 -12626.1
83100 -12472.5
83200 -13124.4
83300 -13054.1
83400 -13450.5
83500 -13838.3
83600 -13906.1
83700 -13917.1
83800 -14249.3
83900 -14449.1
84000 -14814.4
84100 -14944.4
84200 -14615.2
84300 -14626.4
84400 -14941.5
84500 -15311.3
84600 -15789.5
84700 -16069.2
84800 -16436.5
84900 -16411.5
85000 -16568.9
85100 -16369.4
85200 -16526.2
85300 -16916.9
85400 -17316.6
85500 -17603.3
85600 -17957.1
85700 -17854.9
85800 -17929.7
85900 -18010
86000 -18302.6
86100 -18578.3
86200 -18951.3
86300 -18834.7
86400 -18947.9
86500 -19126.9
86600 -19407.4
86700 -19607.9
86800 -20107.4
86900 -20039.1
87000 -19890.5
87100 -20144.4
87200 -20363.6
87300 -20598.5
87400 -20468.7
87500 -20973.8
87600 -21104.4
87700 -20971.3
87800 -21465.8
87900 -21924.2
88000 -21936
88100 -21937.4
88200 -22371
88300 -22862.6
88400 -22586.8
88500 -22666.6
88600 -23204.2
88700 -23039.6
88800 -23198.4
88900 -23210.9
89000 -23703.3
89100 -24225.7
89200 -24358.6
89300 -24259.1
89400 -24340
89500 -24582.6
89600 -24758.9
89700 -25018.6
89800 -25099.8
89900 -25226.1
90000 -25626
90100 -25764.8
90200 -25747.4
90300 -25987
90400 -25940.3
90500 -26228
90600 -26610.6
90700 -26630.1
90800 -26488.5
90900 -27041.9
91000 -27173.4
91100 -27158.9
91200 -27333.9
91300 -27555.2
91400 -27981.6
91500 -27988.8
91600 -27920.8
91700 -28097.4
91800 -28192.5
91900 -27998.5
92000 -28406.8
92100 -28840
92200 -29119.6
92300 -29724.1
92400 -29918.6
92500 -29773.6
92600 -29746.6
92700 -29721.6
92800 -29532.2
92900 -29715
93000 -29716.2
93100 -29990.3
93200 -30209.6
93300 -30565.4
93400 -30588.8
93500 -30922.5
93600 -30733
93700 -30690
93800 -30858.6
93900 -30498.6
94000 -30242.1
94100 -30715.7
94200 -30846.4
94300 -30754
94400 -30796.5
94500 -30684.4
94600 -30572
94700 -30352.1
94800 -30474.8
94900 -31017.4
95000 -30658.1
95100 -30961.1
95200 -30917.8
95300 -30566.9
95400 -30551.5
95500 -30499.5
95600 -30371.7
95700 -30181.3
95800 -30173
95900 -30291.4
96000 -30412.9
96100 -30321.6
96200 -30091.1
96300 -30390.6
96400 -30439.9
96500 -30439.4
96600 -30058.7
96700 -29967.1
96800 -30076
96900 -29778.1
97000 -29348.9
97100 -29128.1
97200 -29099.3
97300 -29039.1
97400 -29189.3
97500 -29222.8
97600 -28571.7
97700 -27857.8
97800 -28017.9
97900 -27731.2
98000 -27710.3
98100 -27492.7
98200 -26778.5
98300 -26021.5
98400 -25844.1
98500 -25769.4
98600 -25466.5
98700 -25609.4
98800 -25810.5
98900 -25657.5
99000 -26099.4
99100 -25985.9
99200 -25488.8
99300 -25155.2
99400 -24979.4
99500 -24661.7
99600 -23917.4
99700 -23627.3
99800 -22722.6
99900 -23425.4
100000 -23290.1
100100 -22311.6
100200 -21940.6
100300 -21570.3
100400 -21481.7
100500 -21156.3
100600 -20404
100700 -19941
100800 -19367.8
100900 -19663.8
101000 -19662.4
101100 -19488
101200 -19195.8
101300 -18936.2
101400 -18621.9
101500 -18425.3
101600 -18169.3
101700 -17778.8
101800 -17343.7
101900 -16402.6
102000 -15669.1
102100 -15023.1
102200 -14469.6
102300 -14189.8
102400 -13898.9
102500 -13568.8
102600 -13124.6
102700 -13403.5
102800 -13336.3
102900 -13296
103000 -12872.3
103100 -12164.8
103200 -12076.5
103300 -12094.7
103400 -11802.2
103500 -11963.8
103600 -12727.7
103700 -12858.4
103800 -13141.9
103900 -13193
104000 -12955.4
104100 -12874.9
104200 -12698
104300 -12448.9
104400 -12282.6
104500 -12228.2
104600 -12157.5
104700 -12576.2
104800 -12459.8
104900 -11955.1
105000 -12107.6
105100 -12247.3
105200 -12372.4
105300 -12748.7
105400 -13264.4
105500 -13257.2
105600 -13157
105700 -13752.8
105800 -13939.4
105900 -13978
106000 -13791.3
106100 -14114.4
106200 -14508.3
106300 -14801.2
106400 -14855.9
106500 -15236.4
106600 -14754
106700 -14441.5
106800 -14833.8
106900 -15056.8
107000 -15355.3
107100 -15363.5
107200 -15306.8
107300 -15323.6
107400 -15562.2
107500 -16299.5
107600 -16906.4
107700 -17003.9
107800 -16754.9
107900 -16445.4
108000 -16628.7
108100 -16884.9
108200 -16866.1
108300 -17035.4
108400 -17460.6
108500 -17461.5
108600 -17930.7
108700 -18182.9
108800 -18336.2
108900 -18138.2
109000 -18300.2
109100 -18436.1
109200 -18403.5
109300 -18765.5
109400 -19091.7
109500 -19256.8
109600 -19540
109700 -19538.5
109800 -19315.7
109900 -19623.3
110000 -20128.2
